16:16:19		 335		100		200		300
 
16:16:24		 335		100		200		300
 
16:16:28		 334		100		200		300
 
16:16:32		 335		100		200		300
 
16:16:36		 540		100		200		300
 
16:16:40		 644		100		200		300
 
16:16:45		 813		100		200		300
 
16:16:49		 923		100		200		300
 
16:16:53		 0		100		200		300
 
16:16:57		 96		100		200		300
 
16:17:02		 892		100		200		300
 
16:17:06		 893		100		200		300
 
16:17:10		 891		100		200		300
 
16:17:14		 894		100		200		300
 
16:17:18		 892		100		200		300
 
16:17:23		 893		100		200		300
 
16:17:27		 892		100		200		300
 
16:17:31		 893		100		200		300
 
16:17:35		 890		100		200		300
 
16:17:40		 893		100		200		300
 
16:17:44		 892		100		200		300
 
16:17:48		 892		100		200		300
 
16:17:52		 892		100		200		300
 
16:17:57		 892		100		200		300
 
16:18:01		 892		100		200		300
 
